006624
010043
010212
163412
004824
217002
005805
200006
010394
002360
003331
001901
009840
003803
007109
008311
011020
519768
002005
006006
000242
007726
010500
009097
008833
009423
009708
002144
006217
002118
003684
010246
003343
002174
002425
009611
009526
001810
161232
007725
003282
002177
008385
010995
000963
001770
090011
006463
006586
003308
002350
001823
001765
090007
003822
003823
210011
006104
005592
009701
009531
519963
004335
519171
005682
002035
004688
002535
001942
166024
010746
003938
003116
003967
011000
002149
010636
006353
004044
005739
002457
008438
005821
007575
001194
007770
000436
000904
009054
004266
003279
009527
006132
002666
005541
002804
002322
161222
005146
008514
001252
310388
002910
001316
004687
005474
009124
005263
310308
007875
003670
004751
008384
009354
257020
002091
009136
002194
009823
009842
007876
004321
470008
673081
163823
519125
002793
000825
006718
001710
519655
002029
005587
003345
008372
001681
004635
002514
010257
006719
001927
001495
003031
166005
006700
005856
233001
001959
010018
003291
004676
008092
001304
003284
001400
010030
010054
003889
006277
009327
005376
005460
270025
001030
010757
000946
001518
003484
005166
002820
166801
007012
002384
009718
005824
005177
001951
010994
010454
006528
210002
000001
000878
000612
519097
290005
002844
001302
003115
003769
003304
007468
206002
673120
004806
009006
004252
001613
005044
001425
002663
005266
009415
090015
070018
005296
008269
006038
000597
001614
169106
166020
001564
008277
206013
002088
001324
001073
006879
320012
002849
010783
009334
001457
009957
009182
008564
003858
008359
004138
001289
009133
003300
007193
008300
210010
010401
010535
011061
378010
009020
009274
001414
010292
009125
003804
003305
002207
004612
003293
005906
004618
002082
010916
288001
420009
008271
004166
960005
001254
008060
002364
519909
008263
003799
011308
010272
008424
151002
004559
009005
003032
001423
002943
000220
270050
005274
001939
005167
005372
006548
002934
002147
010875
002553
310358
007469
005250
009243
673110
002222
008099
002581
009893
002062
000743
450001
004205
001320
009719
001567
005108
008920
010335
001355
003503
005262
001835
005299
009847
003567
010073
001648
233011
010460
690003
004976
004823
001815
010963
004202
005055
005330
519759
003030
008293
005164
002162
000065
001745
006005
010038
000219
501032
008851
010044
009939
005043
000646
001298
003981
005616
009487
008421
373010
002258
002686
004250
519618
519962
003663
160226
005689
005412
009807
002363
009164
001406
009999
010019
590005
002330
160215
004406
090013
000969
007192
008895
001164
000511
005600
200007
519613
001250
003754
160529
009223
163415
005576
160607
009791
008353
001861
001204
007848
483003
003396
006008
004153
004235
163409
007085
002331
010547
519003
001338
004900
005730
350005
003028
004005
090016
233007
001485
000011
003380
002819
003857
750001
571002
007574
000414
001817
003119
001803
002923
001850
003476
005776
008919
000747
002814
010029
002178
002777
007416
008834
161225
002060
001902
001903
001570
090018
240022
007233
003798
002146
007450
009145
000574
006049
519002
519623
000727
002919
009686
002776
005318
009700
519996
501075
004279
960018
003235
100016
002388
519752
005851
010595
010025
001891
010211
002494
010999
161038
010414
501064
002305
010408
003513
002668
010036
000433
519665
002731
000083
005652
501073
003295
000523
519664
007827
008443
004617
009525
008444
006904
519615
004613
519624
005417
005975
010654
010055
001762
010100
001067
010398
004928
005128
163805
450011
163302
288002
002096
001356
003715
005901
001466
003494
004814
001966
010655
008667
001311
001904
519007
673060
002662
168105
007013
008033
005553
007111
005549
008354
001722
009233
010413
008770
005997
006759
530012
009725
002111
501070
501022
011309
005907
009707
009649
007385
210006
001965
003993
004475
009258
010222
009007
008186
005943
004829
004119
005486
000061
001189
003433
010695
008370
009931
004265
010525
010061
290004
161834
005244
002784
010776
005855
004546
004143
501051
001185
009100
004558
519197
008437
090020
010784
010348
001682
006133
009822
008477
002582
009804
233008
003411
009134
050014
002030
000590
002231
501038
002075
002197
009468
006976
004393
001272
008301
009144
005746
010874
009165
004497
002667
000363
003751
009667
008456
001362
001464
004456
168102
290006
163406
010403
008905
003581
519150
000327
003878
006602
001882
090019
009849
006022
002792
003189
001928
260112
630002
000585
004455
350002
519766
010070
005004
003120
010088
004721
005443
240009
000398
002602
001301
004905
004536
005596
009995
008328
007502
001467
005258
005429
010612
020001
009486
006216
005518
003980
008181
008757
005985
519771
002264
010756
006278
007811
004447
005324
002414
005297
009328
004932
001547
007718
006952
003603
004517
009217
050026
000684
008705
010101
003755
000110
519769
007835
005430
003044
005572
000547
530006
200012
002340
001116
006775
002087
003144
005168
008666
009232
003187
009817
001818
006315
008272
501053
004720
004773
001202
001635
004738
005233
005245
000634
011453
005434
008969
001897
010611
000508
003096
002657
009364
008563
005269
008180
002407
003900
210007
005850
009401
000824
001955
260115
007074
010123
166027
005599
010551
006551
260103
070006
006556
003447
630008
001157
005293
009096
006205
004405
004232
161616
110012
005371
008091
180028
003855
377150
009848
003283
005533
005140
213008
003241
003886
006601
000663
009689
009687
002472
008415
005329
001596
005551
010031
009378
008378
008187
004772
004280
005680
010060
006701
400013
006253
002434
519616
001607
004495
005325
009218
001342
005950
010596
470006
003234
008758
001580
004929
006527
010021
009387
001711
001407
006532
003806
004510
007497
006547
005902
008515
005126
002261
005775
001524
009032
519993
400032
530003
001402
001136
006007
009181
164403
006314
008312
010072
001721
006864
009932
000880
007152
002658
004317
688888
008970
004750
008479
020018
003064
003446
001266
010071
001285
009409
001286
008997
460009
487021
010534
009440
002513
001343
001300
206001
008990
519229
005487
003485
009388
009818
007460
003877
009665
010782
000762
004868
000945
001358
004901
004206
006972
001802
009428
001887
008347
006235
008127
003512
002232
009650
960006
160512
005552
519627
004496
008513
003655
009569
003890
960028
001636
009077
002498
008221
009664
009441
519050
008810
000390
004446
011325
001309
003412
000954
001365
002685
002559
360005
010159
005459
001807
009846
001487
001532
320003
001943
001060
008110
005300
000452
270005
003344
009635
410003
008034
005526
519176
270008
001413
007415
003685
008704
003242
009365
004734
003797
004977
519755
519710
001559
050018
010725
006973
001806
003887
001115
004975
005588
005959
070017
008848
160910
008420
010402
165526
002155
001844
001447
020010
002639
010702
163417
007549
006274
005520
006252
005517
002622
003379
960003
010661
004249
519918
005686
003493
008809
005450
004226
010841
519614
009928
001203
519191
006567
011068
003045
002010
673083
080005
009416
501001
009950
002515
007771
006348
003378
005695
005535
410007
002660
004848
002802
257010
001761
167508
393001
005632
000879
006557
009140
005265
002046
009927
001688
519115
519738
003432
000708
004815
121010
210009
010111
010754
070027
000551
001379
009429
005760
002624
003346
007449
009694
006218
005335
519185
001139
001836
001484
009984
010637
180012
002435
005550
008843
007553
003175
002614
377530
001303
003332
002367
050004
002536
011174
002095
010134
519018
009410
005764
398001
002505
007872
007687
004157
003831
001980
010393
010090
010405
010399
001312
003154
004010
000339
519099
001922
004731
001427
007578
002408
009242
002730
003854
004142
004735
002783
002116
004011
009230
003106
008488
006233
001318
002601
009400
001504
001866
166301
168108
009766
002244
009838
003966
010122
008425
002598
000526
002863
005732
005178
009994
487016
008885
001608
009424
002839
008270
000126
002813
004006
010110
003604
410006
210008
009275
004933
009377
004225
240001
009774
011151
010271
009956
009078
002389
270001
005543
009308
005696
001415
005653
003502
310368
163001
009668
008901
001558
009490
008836
470098
003940
004271
004316
007481
007735
005597
160921
002708
519212
005449
519915
960001
005317
004154
001071
001417
003029
001422
001763
005416
009806
003105
010762
004732
003800
008884
011082
001165
005674
006234
960021
110023
004218
003714
002574
008835
671010
519228
519761
002456
001405
009135
002413
005141
010726
002296
005392
007884
540003
009031
001228
010089
010515
519760
008136
001247
000520
003939
002838
002390
004987
005984
006823
162203
000215
009837
008856
001782
008457
002615
008998
519628
002504
001424
001900
008348
001244
010701
420003
009955
001775
002120
004685
001543
009767
002196
400020
162102
002558
004158
240020
009101
001743
008842
001278
010763
000573
009841
010548
000480
009263
001433
009634
673030
000953
001399
005323
001498
005542
001380
501065
003805
007686
001121
009911
005165
005326
001249
163809
161005
002134
377010
673020
002489
007669
005059
002319
001746
000507
003095
450003
008356
010091
007393
002938
009469
005974
010781
005413
004442
005053
004702
000926
005176
006822
004648
009098
166019
161611
000294
007812
008850
002220
009353
005571
002935
519035
010775
519770
001183
009789
001120
519702
162717
004756
004757
003713
002317
002000
168101
002599
002009
165527
008773
009231
750005
008276
005823
004270
008906
009568
004668
006299
169108
000362
005491
004739
003961
005944
162414
002262
160220
009224
005379
005475