008737
008295
010142
968047
011645
000884
004925
007524
968048
000711
009874
001404
011723
852203
001410
005763
011418
005238
519606
011237
010196
167706
001576
010113
011378
002621
001677
001009
003492
005035
004891
010362
008303
007133
006503
001490
376510
007288
000309
008084
519975
009017
009876
011221
968068
002229
010470
968077
009794
010003
005660
006781
008261
001790
000831
003191
005516
006751
003312
004350
001628
004858
000854
001409
010002
011592
011601
009513
001473
008128
003622
540010
005669
006868
000628
006138
001849
008129
001036
010434
005620
005969
010162
006478
000793
001663
000991
001178
006671
001520
010331
002334
001291
009502
008860
007512
009658
006002
001678
000925
002289
673100
010128
009601
003956
009775
001028
001685
004716
005707
008768
010420
000756
002861
002952
000549
005502
002387
001171
004683
519673
009147
010815
011125
007675
000828
010802
005927
008177
008934
968039
164205
000979
010391
002595
011478
968006
519714
004892
004352
001042
010496
540006
011602
968062
001556
011025
007586
006081
000513
001733
001651
002168
001749
008709
010897
011229
000978
009852
001766
008166
001277
000971
001616
001707
002871
001054
001557
000974
001672
003634
004606
005496
010710
010349
001195
008134
005885
011426
011507
011646
002210
009898
008935
006502
163110
900100
006693
009988
008286
005239
006676
004404
005960
001008
012127
001043
005570
008382
009897
001938
968072
005033
009805
004403
000867
008009
011014
001917
009899
010197
007357
010764
009877
010332
006803
005662
007005
009265
000592
162208
001579
968042
009162
008413
009865
009602
005628
005635
005267
009550
004273
000803
001577
010593
003865
001718
968033
003984
519193
003416
010112
011104
006675
003299
160144
010129
006265
000688
001421
011326
001877
009537
001044
011377
009945
008314
011651
010469
968074
006193
852205
002333
005240
010685
009106
010777
001696
011329
008410
011926
012126
399011
001193
003985
009557
009414
001878
004995
000729
004189
206012
001719
009875
162107
001703
001956
004040
009514
010388
008294
007548
000524
000326
008871
008872
009476
005968
004482
012210
010387
010409
001736
011328
007966
010121
011043
968011
161629
005037
001482
001319
011686
010361
010709
007615
000751
004686
005106
005402
003232
008736
002872
003145
009107
009491
167703
006981
540007
010341
009126
003069
900090
003623
011722
010681
010703
968035
001166
009896
011323
011236
006726
003231
004851
340006
519167
001476
011463
001645
009384
011322
009127
000577
007853
002556
001223
000409
003311
007590
003625
001692
011126
011425
000866
010392
005569
001583
001705
006603
011473
010812
160127
009954
006257
001048
004272
006924
009398
005495
005009
002697
011142
005962
968046
968063
001714
008085
004698
000985
001541
004812
011150
001717
005506
000082
005825
009040
001542
519935
009946
001208
008107
011321
009734
005540
006692
004484
007952
001528
003053
009551
007831
001825
009039
004485
000996
005038
011147
011179
004041
006346
001163
004997
000916
007950
007903
007470
008855
968067
010024
001975
010236
010892
968065
000594
009043
008958
006239
009492
001047
010141
006923
968064
008619
005636
005161
009341
003853
968073
011230
005188
010495
003834
005894
003298
673090
000955
005928
003233
968036
968015
006605
001186
009538
006819
110022
005209
006106
002335
540008
005621
008075
008076
001313
005433
003624
007287
008315
011476
001649
540009
320022
001781
968037
011419
006195
005236
001605
006194
005961
001040
000778
001162
320020
006347
004075
001638
001167
968078
010586
005661
010505
004241
011685
001637
005505
006228
968045
002386
001236
005268
010896
000746
011013
011923
012211
005237
006229
007965
008262
011146
006911
010204
450009
001521
008265
005963
011077
005457
010004
000780
010120
005189
852201
010801
001230
007388
011506
968044
968061
008618
009069
007354
011470
968034
003070
001726
007138
007689
010342
000697
010592
010322
008304
000913
005235
007389
000761
001126
003230
008537
008445
011385
010778
001496
852207
580008
008264
005310
006957
011180
006003
006926
000960
001188
006251
009733
001245
968038
007614
852209
004805
010687
008230
009864
010161
519965
001915
002300
011066
004292
968014
006238
001104
008538
008234
007674
007471
004784
001644
006604
011457
968010
005034
005328
160919
004813
001643
001626
010160
010235
011726
007750
001974
003054
011295
007130
005612
011220
167705
001725
005515
010321
167702
010010
005970
360001
010245
009379
009503
004098
671030
001416
010704
000418
010001
000893
006818
005777
010680
011384
010585
008854
007137
009863
005629
004483
011143
011149
968009
009070
011424
009891
005826
011652
007134
003190
000471
007690
001158
011042
000457
005663
008283
002121
007685
000586
004476
007523
008412
007832
001039
000696
005983
160322
008167
005802
003745
960000
005539
001050
005036
000411
004640
968066
160133
006080
001105
968040
004730
004616
009240
010013
968049
968032
009163
005504
002332
968041
005259
001072
001070
001097
004450
005210
005303
011026
008769
673101
010893
001764
010998
005304
001396
002980
