005416
010212
673081
090013
001415
009429
002535
001980
007152
002657
004933
010073
009823
003064
004005
001413
002009
002194
004225
001681
008269
168102
110012
002340
003345
420003
002494
002091
009233
010725
003241
006718
000708
519738
003890
008277
005696
002559
006822
008969
162717
001807
002581
006299
006547
002910
001897
001498
008270
006104
010159
004455
008444
009364
010500
001252
002615
004618
005695
005856
009032
001121
009956
008092
004905
003685
009125
320003
008515
009140
009789
960003
008421
501032
161834
005450
001164
002134
002331
008705
002730
000612
519993
003684
001559
008181
233001
005975
009441
008437
519996
004901
006353
002793
009822
001818
519050
501065
001939
005329
002384
003476
003886
005855
002220
007074
005055
003346
001745
001903
519623
001266
007111
310308
009365
008758
005533
000684
000878
009999
005764
530003
008666
004721
001380
003854
090011
090020
007109
005043
005821
163001
010595
010636
004848
009893
005128
010726
960006
000762
519627
001189
008885
001247
000507
001303
005165
005596
010038
673120
008347
003822
006234
008514
004739
001120
007827
000880
009939
001030
673060
002814
001484
009274
008884
007875
210009
009232
009995
070006
010031
001185
002938
004226
002146
009144
519228
005296
010784
590005
005146
001547
001636
011174
090016
009400
519766
009841
009649
005269
008563
004814
000824
001060
002839
007415
010654
001613
010701
006235
519099
009719
008378
519003
005263
001882
240022
000969
360005
003831
003715
003116
163412
002367
002413
007835
001815
006904
002360
007811
007884
005730
001836
571002
003714
688888
008920
005430
007192
163809
009223
008221
001596
166301
288001
002030
003900
010036
004335
005543
162203
000294
004773
002075
001567
010547
005487
010454
001457
006133
002207
009428
004751
011453
006233
003754
005178
004735
519770
004406
004617
002457
009725
519915
008300
000953
001433
001927
007549
002708
001244
501038
000220
002624
005823
003855
002777
009687
000219
006567
000963
004517
010776
006879
161222
002666
004823
006586
008477
010043
009791
001422
001311
002232
005572
009005
003967
519007
006348
450003
006952
010611
005379
008564
002602
151002
004218
160215
004143
001850
004977
007416
519616
009416
501022
001304
960018
008263
011000
003799
310358
003877
009328
005553
009840
005335
005293
010348
002783
010535
001580
009694
000946
004442
003032
009181
008034
001316
519197
008420
001817
004232
008293
009665
005632
002558
009984
010612
001165
310388
003242
009078
004750
003502
001157
519618
166005
010090
003567
003028
009098
002082
005653
002489
004405
004987
233007
010111
519771
001286
001504
005587
004279
460009
004676
001067
004612
007233
163823
005600
004495
010746
530006
005258
009569
288002
519655
010044
004280
350002
006775
010110
002820
000215
501051
519710
470098
050018
005902
008272
006532
003412
008136
168101
163302
001202
003144
004929
006976
005943
004157
003670
002120
001570
011061
007770
005413
001746
005517
166024
005775
008488
010088
006216
001285
008033
009911
002029
001447
002844
001320
005597
010222
393001
009423
005176
008835
010534
005518
009846
400032
009164
004270
000480
001407
001073
010551
007771
002935
009817
008276
002813
008438
007718
007848
001399
004702
004510
005141
004928
009525
010756
161225
200006
003187
008301
003411
010246
004932
004648
161005
003331
004976
002261
010655
161611
005549
000520
008770
001405
006218
005760
007502
001802
009124
004720
008513
000663
003380
160921
007575
000065
001414
000590
005599
008110
008773
002264
001300
000126
008359
003096
004138
007687
008856
168105
169108
002222
009096
519624
003189
006049
180012
673110
006557
009258
160220
008843
001365
000634
009486
005262
010781
006864
090007
002662
410006
009007
003938
010405
000398
002574
005542
002363
003493
003447
350005
006463
001289
000954
007481
519176
007450
050014
003095
400013
000363
008919
005412
002863
005652
008833
003981
004558
002087
006006
240020
003823
009847
003282
001301
005526
009707
002196
001922
002498
004153
519665
005044
006601
001722
001928
003234
009469
009568
005059
006624
217002
002658
004006
008457
070017
009097
009224
004687
005520
003604
010414
009807
002197
002118
010637
005392
160529
000646
003751
000551
009766
690003
008091
007686
020010
519097
009664
003045
001648
206001
004266
519702
009527
005250
009308
008187
001861
002598
003513
003446
001338
003433
000747
002178
008757
002390
006556
160512
010403
009837
002943
004010
162414
001761
165527
002258
001543
009686
010783
377150
009718
003804
161038
009165
377010
006277
005541
003044
001943
009950
004119
002319
009100
257010
009378
001116
270008
001721
002062
009526
002456
750001
005959
001901
009387
005850
519752
009134
009842
009242
003284
002536
487016
009689
006972
002005
002505
007385
001942
005746
003889
009230
004316
003432
008997
001250
009957
005317
000508
001835
009611
002389
006719
009531
001379
001823
002435
003512
005140
010548
000727
005429
000011
006132
000436
002784
003494
010025
004497
006527
001362
008895
005126
008842
005571
519615
010775
005739
519759
009020
008099
010393
001342
001254
002155
519212
630002
005680
010999
166019
007725
750005
004685
003581
008704
010018
010702
004900
009994
001355
001423
519760
519755
010841
011309
001464
002776
010257
400020
519664
003857
005552
003484
010060
009635
004824
003887
010460
003029
010123
001959
000433
009353
006252
960001
007876
004206
004446
004688
003235
009701
001762
009490
110023
001467
005686
519769
010995
002849
003293
005168
007669
008456
009931
008901
001682
004668
004815
000242
487021
010122
008372
003806
005004
519191
001844
008415
009334
008353
160910
002504
004202
020001
002819
166020
007574
210008
002046
410003
070027
377530
008443
002149
009774
006315
005460
008271
009440
009650
010994
005244
005245
003798
003154
003300
006551
002472
003378
006005
270001
003308
001564
005805
005906
519909
002923
006205
008348
001400
000110
001887
005950
010271
001711
004829
009700
010030
000945
001955
002425
011308
003175
001318
002407
002147
673030
050026
004772
001487
005300
002663
050004
004317
008356
673020
002601
001278
009243
000414
010100
001302
002388
010061
003105
006022
519768
010762
210011
008970
001406
005325
000597
005371
009218
003304
004475
001614
010515
004205
007085
167508
007735
003940
519962
001965
005265
009275
011020
530012
004265
008127
410007
010874
010875
002802
007578
007726
009231
470008
002639
519125
009955
200007
010055
005449
010963
010292
005323
002088
004756
540003
011082
006548
008354
009668
000526
002096
000743
009708
000362
004613
004142
002000
206002
002804
009468
009133
001608
007193
001518
161616
010695
001966
002731
270005
002667
003279
003769
008425
010399
450001
006823
001524
009487
002262
165526
210006
002095
000452
004044
003797
160226
004536
960028
519035
001866
001558
003119
002513
009634
161232
004011
008060
180028
005274
004732
233008
005299
007553
007812
006253
001900
005824
470006
009135
011325
001071
010757
002434
960005
519761
005851
001902
005443
003295
008370
070018
020018
519918
003663
004166
009136
005053
000001
000523
163805
002364
009388
002599
519115
200012
004738
010661
519614
000390
005459
630008
398001
000511
005974
009804
007013
501075
005674
290005
004496
003755
003379
003800
007469
000926
270025
010021
005732
008850
010019
002919
010091
002060
005944
009928
010754
001203
008810
010072
001194
005167
010211
000573
673083
003031
008998
257020
002934
003115
002792
002553
000547
164403
009401
004734
007460
005576
080005
009806
000585
004158
519628
009006
003603
001343
004635
162102
206013
010413
006217
005551
003993
009145
002614
009031
003283
290006
008328
006602
010402
009818
000327
420009
003939
005535
001803
001688
169106
008384
003878
001272
004546
001402
009054
001485
004456
163409
166801
009182
009077
009767
005297
000825
002408
270050
005689
000339
005901
960021
009927
003106
001312
004975
001532
519613
006700
008186
004154
240001
007497
001951
519150
008311
006314
001424
501053
003344
005177
005592
005776
009101
168108
006008
003030
008180
519002
009377
010089
002244
008312
010394
166027
003343
519229
010782
001228
001298
009667
001904
000574
090019
005984
090015
001324
001806
001743
008667
000904
009217
373010
004731
008834
001607
001139
005985
005376
002035
011068
320012
001710
001183
501070
002686
002515
009932
160607
004447
005907
004757
005491
004868
003332
519185
001466
004271
002414
001427
005434
007012
006759
005318
005233
290004
501001
004321
519963
002622
008990
090018
003713
005417
005330
007449
240009
001204
002514
001775
002177
005326
001891
002296
002582
010054
001782
005616
001765
001495
002162
210002
004252
003655
003120
000083
010071
671010
008851
003966
003961
000879
004249
010398
005474
001417
010272
002174
003858
009263
002330
163406
005324
002231
005266
519018
001763
003980
001115
002010
005166
001810
009849
008836
001770
010525
008848
006973
003305
006274
009354
004393
003805
008905
002317
007468
005164
100016
010401
006528
002144
006278
450011
010101
005588
004250
005486
483003
010916
010335
005997
001358
002668
005372
001249
008385
009838
010763
002685
002350
001136
210007
008479
210010
002838
010408
310368
005550
003803
233011
005682
001356
163415
002660
010070
002322
003291
007393
002305
519171
007872
009848
004806
163417
004235
213008
001425
003503
501064
001309
378010
260103
004559
003485
501073
009424
001635
010134
008424
009410
002116
005108
121010
011151
009327
006007
009409
010029
008809
006038
000061
009415
010596
006701
260115
005475
002111
008906
003396
260112