420108
009351
001422
008640
009674
008429
009031
011653
008344
010621
008694
012381
009044
009529
003449
009519
009681
000729
003309
004252
001681
003800
519625
007447
005893
000952
011161
010087
007197
008105
009118
001603
003028
540003
006470
002475
010719
004901
470058
010413
010987
009778
007121
004264
006076
009558
001567
003590
009902
009400
001610
006799
217013
007008
011719
011028
008793
008034
005826
010145
008646
009440
005372
510080
011932
006728
001961
007791
008214
009740
000338
519334
710302
005507
007558
001941
008847
009339
010483
008668
004104
008497
007321
005670
008122
008699
007085
010127
006096
009279
161824
001381
008969
007715
006024
007480
007515
501017
011571
004648
005666
000150
007117
531009
010008
008454
008502
008760
006170
003657
005892
161505
000904
003004
008161
010375
004453
008543
007760
009028
162416
005069
011755
003518
005255
002289
008521
002619
006602
006884
011865
011570
004725
005704
008686
515150
001156
006645
006460
003133
009364
010009
159861
009735
007645
011007
160608
007572
007907
006908
519918
009767
010925
167003
009535
007677
010631
008340
008994
006089
002319
163114
005038
006389
001969
007792
004751
009583
007935
006467
004655
519641
010405
006355
002134
011385
004254
011025
007123
007218
519647
006265
700005
008224
009656
011777
750002
009095
001664
003806
011551
000277
008365
001564
004615
006537
001097
003116
006065
010566
161222
001575
009296
519051
005837
010251
519331
005845
010688
009177
005854
005019
006662
009192
165525
003438
006134
001988
003568
010863
519177
007206
010946
006946
000489
010118
009387
006941
005292
164908
000529
590009
008864
002491
008379
011515
003500
003110
010332
160524
010796
008035
009386
003407
002795
010399
002333
009644
008682
080008
000033
000084
008394
400016
008276
004607
006837
009711
011508
002280
005277
001957
012050
006832
001444
005384
009814
000188
007033
000322
450005
519629
040037
001641
005214
005625
004153
009727
005667
519761
011328
004143
005504
001448
003583
003188
006409
012247
006377
007009
001358
852209
009654
004993
010890
005079
006626
009378
009429
005323
003434
519963
002666
007986
008108
006686
007032
001580
501081
009334
002859
002812
011239
006171
007052
005577
005766
007013
167503
002858
009689
002559
162212
005736
003278
006627
007064
070015
001728
001120
009304
008325
004761
003396
002720
002785
002578
009526
009667
002296
000189
009271
519061
011992
003476
006128
006708
003289
006287
008176
009285
003582
010100
002268
003163
008217
001782
050024
001753
008829
002996
009324
009738
004059
005070
110008
166105
006962
008216
006088
001247
007128
008323
009678
004175
007320
005345
009332
007277
008364
005178
006959
003280
002775
003696
519786
001752
007256
000668
000557
009936
000466
011196
007288
005158
008068
007417
006644
003349
050027
008584
009606
166904
006914
006742
161624
002088
006255
007667
009131
007669
006416
009196
006834
001948
004231
004455
001487
005842
009439
002457
009942
005010
009071
001499
004724
004632
007184
001139
501032
010619
009717
002317
002405
006437
008587
011325
519190
010764
006758
005588
400027
009874
005142
011450
008453
002661
008126
007636
000046
519766
002276
000130
002149
007410
008222
008677
005212
009683
005790
006812
006257
002535
010403
002757
000005
007420
002143
006683
006870
004438
009843
002476
009053
008457
001702
519626
007781
400030
008427
009754
011044
008856
070016
000104
000289
001806
002869
395012
011031
002459
003887
290014
000152
008032
005839
001512
002046
001407
002102
009295
008206
007484
007920
010616
162216
007069
009041
001730
040010
519663
007461
009657
010370
009935
006945
040022
006082
005465
090023
004091
000347
530021
009758
519735
010635
006459
008420
008622
005888
004375
003838
001311
519949
550005
003346
011069
007925
002601
010263
008163
002228
161913
004405
004642
005865
007768
002466
000197
004556
007093
009220
005755
006060
004390
011247
004032
009244
010606
002074
009716
001877
002830
003205
011778
006061
011945
001628
512260
519666
006340
004564
008582
519610
008693
000756
002625
008225
003373
009300
010035
006158
008848
006653
519962
005590
002832
006160
003193
005592
519612
517350
011027
005886
004673
519176
007991
010930
006013
005108
007491
000817
009105
012118
006732
009757
004020
000804
001334
006504
004352
004887
000564
004989
006140
004093
160225
011529
166905
006901
012116
009227
460108
003290
002381
012162
009610
159982
512190
011509
008493
005611
006995
003795
006559
009197
011011
003359
005409
001067
007863
003315
005388
009040
010810
006830
070037
001819
007680
004747
011054
009054
004413
011548
008651
006490
003824
003189
008624
003521
011085
007877
519717
005573
007068
519199
006159
011143
161823
050111
007706
007049
010792
006672
530009
003432
009203
519161
001191
011297
005714
002086
100035
006741
009434
513680
010092
011488
002277
009542
008513
001195
008604
001958
006104
010661
008229
530020
007642
519078
011134
009255
007979
253061
008051
006996
009288
007351
006577
009726
009367
011217
003173
010150
003186
700006
010011
004560
001792
009658
008606
008540
001942
007555
010212
009007
011460
002929
003952
009530
005944
002103
011045
515080
009451
511220
006853
008740
168401
001943
169106
011146
005454
004922
009924
004200
004981
001362
009687
009002
007224
002664
006771
004136
007796
162205
004793
008104
006338
006115
004572
240022
000415
009390
009043
160526
002933
001200
010076
159913
005678
004853
161120
213917
002009
501053
002597
002137
002445
006793
009182
519226
010269
009366
004721
007568
003418
398001
007316
012414
515110
009282
000187
004366
003983
750005
002062
004854
002806
003640
009725
002792
007833
001282
004838
003777
009552
002633
010920
011024
001615
010647
010793
007414
008013
008012
004176
005245
003605
009554
007025
009612
000378
005598
006612
008466
519977
007771
006978
008790
261101
010924
010074
006015
004720
160632
006456
003841
007342
003406
011447
515210
008581
008140
001400
006444
008774
110037
006237
002162
008266
485120
009064
007443
004463
006543
001546
162511
003082
009316
040040
009881
011944
000403
010235
206003
002522
007338
007697
009104
009409
008947
010229
001524
511060
009423
011553
010484
005350
008556
010285
010567
675093
001387
008792
003302
008542
004897
008939
004100
009144
161115
008722
005127
007100
005479
009216
006784
010309
007021
217011
005601
008339
005027
008798
002406
006565
003703
006506
002702
006440
004941
009923
011443
003025
009665
009200
007736
011397
005710
008628
005730
011198
005167
011501
001892
009702
001968
010478
519007
011142
008911
217003
007098
007682
008234
006284
011999
004900
002932
011182
010055
004978
005324
005648
004497
003587
006609
008409
008578
010707
010532
011135
003661
006798
009785
011742
006145
006871
007635
004844
005828
007585
004005
001116
519770
007711
519782
008233
009293
007215
003542
012192
005653
011525
519669
003660
003105
519730
460005
512200
008263
007738
952024
003776
008649
007951
009849
011252
380005
010492
009855
001506
006388
630103
009315
163003
002991
004181
166012
100058
002206
008896
005579
009523
010784
000859
001154
005610
005791
008403
008482
007453
512170
000048
000385
009231
003120
180015
008940
004781
011550
519225
009344
162717
004362
006363
007330
009016
010085
007392
009481
516070
001228
007535
202108
004729
350002
004192
001797
002190
007011
003081
008747
005671
050016
011066
005446
009679
007987
010227
159974
501309
008209
009265
006348
005383
011016
002231
001124
005424
009247
006869
159916
675163
168601
162720
008297
010976
008501
007726
010012
007023
007929
002178
010713
160622
360008
000914
004807
004661
010223
011482
004928
008336
011827
001824
519746
005909
007115
009953
002452
010726
004976
006508
000074
519321
008574
003626
003511
001298
005989
007200
380006
001257
000458
000058
008644
006164
004681
008858
007327
009830
515680
002018
004868
003730
005703
006457
007676
006489
004001
002603
002404
673081
008508
005917
004389
009298
010165
009593
006591
570006
519093
501030
007876
519097
003963
003604
008956
519208
006806
008271
001581
010471
160638
005336
011281
003929
003403
000715
005665
270022
006135
519680
000844
011165
000080
010402
004470
720002
007168
004062
519677
003445
007950
519022
009062
007291
004885
004102
009377
002615
009388
003625
009052
005631
004630
001369
009112
010078
009729
011527
161216
000265
006186
003837
008596
000195
010340
002930
002524
008109
009559
007797
005371
007012
011627
005525
007639
159945
003200
005367
000239
000086
006368
161716
001859
000714
006583
009306
519229
002776
009312
009938
003241
010493
002811
007999
100072
006964
005266
310518
006633
010516
000590
003155
006077
008796
002984
519630
519994
012233
008064
200113
007282
005377
006149
852201
217012
006052
006614
005364
004929
000402
010459
003864
009845
008485
005284
009786
007552
010628
002458
001489
040015
001662
002734
005728
007793
001606
007432
008897
000090
001338
009027
151002
005059
007375
005338
007260
002189
000694
010477
001724
003001
011506
165527
002617
008893
004168
003788
004671
008039
007654
005896
000037
008093
005589
002048
270029
007312
003117
261002
010600
010952
003861
011933
000352
000396
006980
010534
009461
161693
001433
007358
011074
005386
004374
159960
008522
007787
005417
398021
011695
005817
519121
872014
161010
008231
070009
004801
167501
002796
001314
007294
007148
110050
371120
008615
006563
001289
003805
501046
011347
006961
005781
005436
011538
512040
501307
010101
000329
002735
008629
003450
008912
003115
005037
008957
003184
011316
002902
009134
006381
008824
004242
011187
003888
009675
010646
000314
008001
005770
010509
002169
519024
004219
009291
008817
007145
008594
000736
004857
010428
003898
160217
009611
005136
004402
630107
100051
006625
008115
002442
010350
005435
008212
001275
008836
005094
005866
005914
008069
008511
010501
003174
003002
007198
004030
001775
006753
531017
006184
164105
004920
011642
002166
002055
008661
001064
008049
006208
519173
005362
009900
010098
340001
010886
006534
160515
007122
004397
673073
005514
006682
675081
009458
009934
040026
009338
006167
002804
007368
007622
008011
004447
007466
009122
008597
261001
007909
000953
007416
009154
005856
008539
006571
519740
007302
000122
008905
159863
000015
006501
011026
010239
001949
010188
005720
003395
003674
008846
006598
011101
006319
005198
009178
011511
007644
007089
009806
005785
007786
100066
001213
009648
006617
011386
002521
004910
007233
004547
005891
007810
006782
008676
008000
001963
010436
005125
005244
011145
009968
007315
009553
010530
000067
005672
010228
010697
003812
001863
006933
009368
002035
001364
010153
002172
001965
004021
000372
007427
002492
004046
519731
006717
001136
004782
519971
011651
001515
006665
000186
007020
003457
009379
005657
001584
006206
008040
002739
501037
501029
008643
007589
011387
001766
010889
011510
004321
004010
006794
006411
000182
008869
004433
009595
008701
003109
010346
011562
008797
000669
007901
003037
003336
009516
005040
005783
000815
010240
009389
007425
010832
001748
005997
519118
007185
007428
290012
001014
007213
206015
010834
007216
007430
008851
009569
005492
002006
006137
002997
690012
008908
261102
001918
008232
010453
008894
007575
010292
009359
008010
003529
001148
516610
009770
003767
007367
009520
009858
009323
002860
002494
011118
009688
150103
005326
010712
001196
009531
501306
007755
162413
007594
960003
010624
516110
009682
005725
007017
006441
006637
004266
005548
004166
012392
003615
004157
007848
006970
000521
009401
001315
010435
000032
003520
007916
010222
006650
720003
000894
003039
006897
008500
010694
009854
009483
001585
003453
006936
008472
005664
001959
008802
002361
010268
000394
007065
004912
008009
005272
004826
007027
004238
002862
000270
006207
008351
011395
008770
003634
010167
010613
006258
000079
008392
002382
007191
001019
005753
003648
008338
009715
007666
008495
004388
003050
011821
080001
003567
004464
010651
007500
003741
008765
000783
004061
159828
010126
003213
003154
519640
006106
002489
163812
511380
004103
008805
011585
001823
003014
003673
004441
000128
008529
010201
002486
005731
002777
005043
010638
003487
007947
008689
001403
688888
011542
010762
160621
009628
008870
006877
000107
011293
010907
515990
006681
006068
002899
002192
003566
501303
001989
165311
150968
004386
004603
008383
000511
008376
011076
001356
006703
006825
000319
000256
002866
110032
006949
003314
008470
002262
531008
000655
002016
008165
007561
007582
009415
006523
007374
005508
004736
010859
009357
008460
007600
007573
008702
519160
012191
001147
002421
012030
006458
000137
007598
004117
006219
005897
001504
560006
003376
006791
180012
000004
010433
003749
001325
011084
007127
008611
006233
007789
002440
003102
010803
001441
001922
004535
007689
090017
008363
003435
009820
008653
003603
000532
004140
008732
002015
008937
005906
010614
009419
011502
001328
005393
011943
003762
010589
003044
010991
530015
007097
004707
005795
009796
004996
008350
005174
162715
009978
009575
011408
009447
006678
009417
090021
008044
001530
003222
163827
007952
008360
008735
160924
009906
160617
007099
002622
005461
004773
009561
009533
610108
008680
008648
002245
008067
007936
513520
005168
007295
004932
001352
008293
011127
002339
007438
161119
161902
002487
008942
008630
010742
001596
010668
006093
008506
006938
001236
003955
003728
010968
003803
010833
004451
010010
510410
164606
002864
163806
010960
004024
050116
485122
007545
009280
000481
008721
010019
003167
008536
006902
010576
001661
006055
005920
002441
010901
410001
004274
003431
040023
009888
650002
005457
003430
007562
006811
000469
000728
000078
003009
004028
007253
008679
006781
008645
004022
000266
003843
003424
008773
009733
161831
001676
010829
004466
010612
004848
000200
004637
009850
005675
000745
011500
001379
004558
002767
003124
006844
003031
010936
009943
001747
003335
000185
007186
006788
007609
003134
008959
008487
000171
007022
007716
007454
010917
070038
485114
004031
007485
004135
009634
001755
010615
004144
007958
006729
009701
011201
009408
003869
007686
011175
100018
003427
003152
010097
009957
008716
005836
007175
519661
005951
512100
002614
011466
519183
007802
675100
010398
002388
513880
164825
005462
000992
008083
002635
008082
009396
010091
290007
110033
010569
161818
004808
002898
011364
004496
005318
003848
003595
006399
008830
011535
001286
002056
005325
007831
010826
006925
160618
006570
005996
003187
011179
007486
010468
011228
163819
009699
164510
004275
000737
000972
011070
009671
001480
160620
003624
011004
006151
650001
007946
006631
003146
003092
011140
006346
001045
009489
000148
004123
001013
005718
006029
002688
007735
008799
003586
005374
008687
009580
012413
006674
000398
000045
009082
006035
009268
519660
002255
008015
011083
002395
004613
006947
002682
160922
006039
000310
010608
006542
501055
011650
501208
004988
005434
004987
002336
000667
011299
005745
004353
007516
011094
011419
005784
000583
006417
010605
007784
004270
010480
004839
003198
710301
007872
159996
070021
164902
004828
002714
002652
010253
007767
009474
006932
000579
002665
006515
002091
007078
006994
202027
000141
011492
009482
001073
002357
002520
004302
004255
006667
009427
001331
006347
004043
009927
004899
002632
515690
161722
470011
011486
010195
006630
163804
002740
006706
360019
003723
160727
006787
501089
005233
008436
006224
007845
217023
007371
007495
004033
000149
007179
004802
010990
007513
005072
005463
420002
004307
005252
000196
010036
008475
010761
008349
008535
002742
007387
008636
003106
009449
009635
009342
002477
000139
005524
007553
005696
007616
008560
009541
007956
395011
010054
519324
009765
004225
005402
001033
002556
007499
515790
009816
006544
006975
161015
007687
519188
010048
010331
010308
001301
515600
007050
009049
010507
005686
007207
007690
007683
008031
007359
006846
007095
006146
004907
519951
960012
000501
515100
004124
519985
502056
005476
011030
000414
009827
005260
008125
005882
200009
007526
010475
206013
006402
000246
005410
011188
006099
004079
161618
009753
511310
008111
007756
673071
002668
003547
006422
006663
005984
009125
009420
008654
006492
519957
004953
009413
004459
166008
007075
007769
004063
675051
006497
011417
516680
011238
000267
002186
010096
007376
008659
160514
007641
011160
000553
006851
007199
000147
003827
012099
660009
010439
002408
519112
010086
005630
011768
002786
519779
006461
006746
010018
010119
006700
009050
007167
090002
009484
009191
003180
011168
011857
008185
006987
007457
005301
008899
010069
002919
010871
005452
007108
000536
005713
006875
000664
006551
162299
001802
007365
161506
002537
010015
006973
002660
270007
009780
006011
011327
004764
001856
000201
005852
005936
011353
006999
003739
002965
011449
004548
100073
001165
007885
009686
007329
003408
460003
008647
008006
009917
008936
007061
006842
007214
000003
009887
009642
010964
002059
003143
003168
090016
004202
009985
515450
010941
007751
000121
004244
470078
004504
010192
009039
007130
004738
010174
006154
090018
001545
163907
007158
511030
006597
010891
007235
011598
006638
008203
009121
010535
008275
501301
009499
011487
002409
004818
003452
009176
519777
002116
004158
011042
011166
006641
012265
010743
008868
020033
519967
159936
011294
008669
010984
007212
010430
005453
006264
675041
009476
501007
003310
009098
006668
003288
010799
003176
008300
009922
007692
002188
006522
003486
001186
161039
200013
010561
009376
001278
001309
009448
007390
002536
320008
400013
008813
007565
003517
004276
009574
004318
002805
519956
007325
009465
000212
000526
008839
001966
002145
516180
519023
007165
004227
002430
010295
007588
010168
000673
001367
010093
004045
010499
005293
004851
009058
004486
000351
008114
009281
001468
003240
009317
008724
009405
006496
009616
006014
004278
007970
007870
002970
006044
004284
519335
000898
002460
004317
011231
166016
008787
007942
010139
009404
009456
519738
011733
010841
005606
011457
008341
288102
008002
000191
006183
006990
004656
007583
001332
540008
009145
005185
516780
007451
007655
470060
000674
003828
008692
004503
011985
006387
001796
008484
000395
002117
005314
010828
001685
009547
501059
010559
006916
002270
007318
011065
010454
004267
001704
003442
008005
008088
006611
011216
004640
009692
001573
007955
007195
161117
011290
290004
003454
008517
011507
008488
002124
008902
000530
005346
005871
009457
001212
009229
164304
485005
002197
009462
009299
003260
001761
009286
012063
006102
004586
007209
009666
005717
006849
008568
005532
003329
159804
003859
006772
010546
007838
002232
210004
004230
009524
008398
004612
002528
008726
001399
001783
007010
008505
000639
011452
008139
007459
006817
008906
004155
010422
010482
010058
009645
009585
006242
005228
007278
001388
004002
000135
007385
011339
159740
008965
005741
002438
009752
008070
005144
009276
007053
009980
003343
003210
000801
501023
010846
011411
007441
010513
000336
010421
003819
002915
519209
000478
006599
006632
001343
011103
011528
010419
003927
008164
530008
010236
000214
011783
007092
005024
001811
000215
370021
008473
011398
541005
007403
008469
002534
002390
516150
110053
009219
217018
007820
001086
206004
004131
008547
002797
003013
004705
001443
006615
006040
007612
007354
009301
000563
002962
009672
008690
003324
008718
010844
519726
000792
002422
001576
501075
002356
003670
006133
001496
360009
007377
008993
007788
020002
002813
003416
512580
005655
007819
005853
006984
000973
519325
000997
010473
009278
008117
006607
010725
010282
010593
011516
005224
011912
005991
008946
006500
005337
010136
005193
110051
007395
180026
010077
006404
007171
008678
000054
002434
008696
002754
006059
009019
007949
007591
003195
008456
004134
008700
006903
003221
003578
002838
008004
580006
003754
005621
008838
519197
000209
004925
009792
870008
006588
005538
011073
004432
011302
003417
000843
007337
008289
011484
001250
009399
009759
001849
011467
003030
010870
009979
000841
166006
004082
501078
007497
110038
011388
005988
008014
003708
004960
003742
003575
008467
202105
003072
009544
005898
001380
011785
003938
519163
008714
009511
660102
162716
001938
008834
005068
006948
009100
006073
007530
010706
002947
009358
006618
008904
003083
006661
002147
010526
519771
007835
004038
002219
519783
202103
009901
001410
003780
006004
162210
000194
511260
210010
003672
009703
008873
010345
010847
005427
005428
006120
003613
001644
002058
006161
010382
008743
008925
003045
006064
008134
630008
009452
002529
006934
005123
002224
009581
003574
010397
009831
009876
006428
240003
006213
007290
002737
011875
010653
160805
000578
003569
006852
000508
004955
002425
004340
004791
006384
010474
008352
006172
008395
007823
008479
003923
000245
004427
001636
005537
007707
003384
012135
008503
008046
519723
003084
004126
007563
009890
009022
006833
005843
004206
002612
009416
006463
003930
005998
009395
007888
008670
007446
006094
006423
511360
007912
852203
005921
007604
000516
002322
008583
003214
004687
165314
004027
005074
160323
002711
011746
011953
003793
003549
007411
004933
470018
519030
519162
001455
006736
007116
003144
007584
008022
010169
004559
010155
006434
009933
217203
010156
010335
675091
001960
005315
010284
002923
210003
003377
002030
008704
006915
010878
004197
519763
007510
008663
005574
003338
003074
519714
001215
260101
002027
006067
270030
008219
000572
501008
009207
006841
001123
002431
010881
005956
009406
001983
008171
003956
001791
001172
007187
005207
008673
005052
004945
008448
006965
519760
009057
005177
006767
000504
008525
003847
005467
009199
009432
630009
006498
010843
270046
006468
010233
002548
007723
003651
660002
005300
007517
010827
009038
005529
000943
012246
006074
002569
011826
004709
011096
011257
008204
005522
011363
003680
004534
011154
007332
001415
160226
002503
167505
008772
000954
007058
516880
011013
005047
550013
000720
004393
010820
007014
007559
011348
002592
003503
007739
003571
006390
519152
004739
010166
009673
006510
008160
519329
011280
010814
007821
010655
519320
011368
011199
010206
010580
519942
006204
007418
004732
515890
004982
410006
007932
007317
006361
007074
006163
002653
009272
007681
007292
005062
009615
006432
009846
003223
008366
004952
008990
006477
008607
003103
007037
007024
007988
008127
002961
001932
006430
005322
005719
010154
400029
011237
010347
005883
210008
009871
004852
090004
006594
012043
007619
010205
001721
004708
519944
006774
002461
010982
006919
010401
161614
010324
011019
004006
161032
003813
009834
003192
000296
011086
519662
008048
003545
070023
515900
000970
005583
000345
010657
009622
009895
008130
519323
008612
003051
513330
007132
009582
010079
001373
010811
008170
009779
008054
004226
003798
519653
006783
009260
001219
470059
163007
002685
011223
002513
004685
005955
007226
000134
420102
161603
006493
008575
003204
009710
010592
519725
004150
003692
008632
485111
164905
161715
010564
000131
002279
167504
003966
006081
010467
002686
009166
003502
003592
005561
003770
007102
007161
002587
005782
008019
007941
001312
002196
006191
161626
006777
206001
001897
000753
920007
009807
002501
675161
008822
012133
160129
010819
004391
630002
005786
004260
008605
010458
010885
003182
159930
007289
006443
007467
002052
519060
000219
011369
003826
005014
008666
011485
008033
006639
011075
000081
008972
006023
005709
159926
001522
004756
007801
008730
009567
003269
010802
007081
004259
006095
004840
010373
006256
000436
007753
519941
050106
110007
007832
011236
000502
004682
009844
006796
007180
005818
001198
009204
007163
010121
007169
009832
007442
000497
004557
005523
007569
008610
007567
010545
004689
006762
008741
011708
003593
002959
515220
004042
008558
519748
007208
005376
010900
009867
008766
006629
007176
516090
001605
010768
010479
009111
002839
005907
001466
001710
003341
005234
010781
007125
011110
001566
003832
001906
001105
008221
006234
516160
009167
001917
290003
002724
002730
510880
003787
161719
168203
007551
010611
002552
008664
004521
001940
005018
010462
006824
006203
003484
002908
008080
005223
165516
001279
159990
008938
002994
011354
004092
009438
011058
004831
485014
001488
003950
007378
003455
007105
008426
008081
009742
000065
008794
010914
010262
005308
009253
008226
009201
004825
004469
011329
010461
070026
010636
007357
009663
001746
008620
005575
008638
009005
002721
006048
009970
006359
005128
004148
001133
007663
007257
012161
010185
008974
002163
610008
003939
007893
004322
007433
006030
010789
011128
008674
004171
010140
002644
011448
007251
006415
009287
002701
004011
001951
010486
005723
003196
213007
420008
010904
008705
005261
960029
000272
004387
004596
006514
006660
003459
001978
009453
006666
166903
006546
008416
001300
007948
007482
003439
009764
011521
009815
005048
009350
004571
006727
003681
006043
004956
161019
005497
006892
003763
004142
006482
007532
006613
011300
008490
519125
900019
009233
180025
010998
257060
002085
008821
003591
011607
501305
012035
002246
011800
002383
000367
009237
008566
007088
006229
002667
009836
000876
002436
010798
002031
007761
005099
003334
008476
730002
005779
007189
009690
009037
011464
009856
003118
001324
513000
005213
270044
009664
003495
008202
003926
009515
003183
004806
008036
002275
006250
010683
001007
005470
005455
008559
003181
007725
011322
675083
008016
011874
002643
004923
003682
001839
003331
006012
002928
005846
004025
011384
005119
011393
008588
004954
168106
008898
003027
519207
010029
007170
009130
006222
007759
010594
000490
009437
000985
005684
519627
004406
011055
002414
005985
008331
002651
400020
011446
009803
000115
010988
010463
002825
233008
001834
009812
006752
010057
519615
011391
007054
011109
519683
360014
010518
270028
007710
000174
460001
008356
000207
001976
004658
003867
006917
002057
515510
010763
007496
008255
008332
516310
009443
003345
009042
003750
008027
519947
002793
009254
011436
006026
011709
010045
010913
007719
012089
003160
002301
007847
165517
003319
010699
009267
006740
009290
515590
006572
519165
000072
006839
001498
009212
253030
002128
001516
003121
001993
004047
519960
005269
009908
006427
008435
006276
531028
000006
012007
008280
010023
000244
007653
002010
010367
008991
009719
100032
009617
090010
001001
750003
009294
011505
010001
005821
000061
001267
004367
000833
005535
000567
007875
011088
000556
007456
010689
511180
320021
290006
007259
007981
011415
006519
620003
008008
001031
009407
165520
005527
005632
164208
009081
006677
470089
010180
007431
010882
006953
002075
000979
003401
003428
009252
008775
011067
007019
003949
002561
011471
010476
006453
010800
000561
009020
010897
001467
003900
009732
008999
006320
001069
011015
270009
008147
519644
010963
006038
001975
009175
310508
005397
002814
000628
011102
009528
006464
002211
004947
003287
010626
011106
007593
002456
001682
010349
506005
001964
164808
007265
519062
001762
008564
008301
010099
590010
270001
010967
010547
008530
009136
004517
000227
002781
006640
004977
020010
001249
671030
005138
010416
002659
010838
162202
010445
002119
006858
008089
005825
001809
002101
007348
011197
519776
009101
005489
166010
009266
008909
005680
002332
163811
004228
005620
004522
010609
000070
007511
007210
501073
009441
004774
000143
005274
005562
006731
380010
009327
515060
011442
011352
006301
008803
008573
008922
161131
009590
007963
008595
007691
009488
000452
008571
007103
009775
005039
002084
000545
004821
001994
550019
001011
006187
005802
000047
006495
000240
009087
011080
002311
008984
011355
161123
009450
002073
091021
008623
003142
011630
009238
206008
519753
090009
002602
003834
010981
000355
005647
008665
000356
009932
007372
005025
010252
005740
007758
110017
590003
630109
161907
005008
011321
690206
005054
005553
001327
050019
006789
010226
519685
006835
010498
009677
008486
000254
006471
008967
010584
000754
003379
007785
690002
005373
006174
008561
007754
007435
852207
010283
010111
011284
010408
006857
501097
007311
002637
003512
010915
009158
162105
007057
010898
519733
012100
003062
006066
519675
003978
002705
519768
005702
006576
008685
001507
004279
001645
008729
003796
008650
010779
004249
011357
005772
010508
003337
008717
008667
008274
011518
008411
008223
007309
007173
005201
006790
003886
168204
690008
007512
090013
000334
005145
004651
008050
011820
004902
011961
002946
159920
007744
004258
007998
003259
009412
340009
003665
003526
008614
009926
000129
160124
006584
003499
006057
007026
009594
006855
002111
000839
007124
002650
001326
550018
011657
004823
006737
011396
001485
010654
010627
160513
005749
004824
010472
920927
002755
007347
008882
006195
008910
519720
002155
009403
006466
519127
002925
008060
010090
001946
165509
000071
007566
007554
006764
002636
001817
519126
006383
008626
007860
009579
005712
460008
001939
006816
010839
005706
011155
011418
010279
010652
519328
008510
007536
090006
009868
000014
512690
003734
007656
007245
008815
011060
003219
009001
005173
006750
040019
009245
003655
519228
005309
006795
501064
371020
010044
002738
003735
001672
011367
003286
004894
003400
001609
620002
380009
004499
001445
009700
000242
164210
004246
011062
003768
005431
008688
121010
007151
011522
008414
001419
010880
001537
160128
003040
519976
008516
007147
519519
007703
009866
160425
161724
673083
000112
011212
002061
009411
006412
007326
006664
000802
010511
003733
472007
159836
009091
006636
011779
001227
008417
006923
011014
010084
000109
009424
519039
009490
006828
005841
690006
010379
005932
003831
003135
005200
006647
003880
690202
006398
004428
007286
007091
007190
007930
009369
161820
009262
008273
002586
008071
011517
011158
003426
002783
360007
009772
003394
008876
009691
009147
005994
006454
003258
010415
008189
008492
007834
007540
010440
010816
010775
000465
519784
003612
012230
003320
011087
080005
011410
005432
009072
008524
006654
003614
011649
008434
110018
009755
007713
008465
008881
011514
009088
012229
000896
005265
166301
008662
011802
004452
006487
010014
001252
002360
007323
007264
005307
161625
007625
008242
006997
004734
004812
008385
009536
002985
005547
000088
009466
005619
008572
540005
000110
010030
002341
011213
001173
010515
006754
007172
003866
166401
006738
470010
006130
009928
005995
159972
519332
161911
008731
400015
007429
004921
004722
000252
004108
003607
006808
010969
009696
290009
008684
162006
007034
006016
000744
002488
004479
009311
006669
000976
675111
009604
007914
519622
009921
010541
009676
001446
005366
007324
007829
002053
202101
003166
006986
011844
009428
000551
501001
009048
003573
007913
010951
009077
161725
006116
011095
675121
008375
011181
550009
004498
519940
008995
010804
001807
080003
002272
011747
008826
008567
011057
002410
008810
002845
009853
003855
007957
002639
000538
009065
006701
002732
519989
007445
006533
004118
010216
519718
004087
005591
007041
003425
002870
006739
008806
001424
011389
011338
007684
008835
005490
002618
006993
008875
003078
006805
009783
007126
005375
005624
005172
005015
003123
003153
009149
004156
009756
007462
006956
001720
020012
531021
005160
004454
000739
001076
010642
003330
007618
009036
007927
009444
002344
008728
002218
002549
000517
007440
008711
006601
005353
163807
001203
010815
002818
012092
675011
000708
011061
000116
009248
110052
007000
004706
010959
168001
005940
004772
009463
006378
001866
002723
010339
001905
007603
010270
003276
008818
004980
002550
006494
007246
008613
009788
004127
007749
502023
010381
009896
002337
006421
003130
008504
004975
010980
007803
000814
011552
011409
000420
008509
010204
007015
512590
519095
005778
006856
007939
003242
510170
000271
003618
005971
008123
005078
009123
003448
000087
003637
007828
000913
004333
008816
008406
007409
010294
501072
040036
009937
159815
968007
006358
005623
011599
008719
006748
006209
007546
010754
253021
000028
000652
009734
007228
004957
000335
006889
005895
005513
005275
001751
011156
005616
003332
008156
002819
007269
010278
005289
675113
009356
001115
006619
010869
008548
519787
008455
009603
003024
128112
009605
160634
008703
002448
002351
010146
004614
000603
009782
233007
519322
003023
007670
165526
006485
007717
050123
009813
004301
004601
160523
000762
007659
003804
006896
011077
159880
010494
003496
010338
011722
003235
519759
008744
217022
164810
011911
005159
008129
004911
010669
410007
009797
010533
162907
004205
000793
165809
671010
519710
006353
002017
002144
001572
010989
010693
009168
003519
009839
008287
006325
001844
008580
006192
000069
007036
009506
009235
009823
000689
000105
001803
007419
001355
002220
217008
011163
007714
007386
005990
007181
010517
006776
000206
005816
006205
010249
006920
004757
007285
000089
003528
008652
011458
006730
002118
004132
008102
005501
009600
005813
001619
001342
012291
002485
011246
513800
007220
000377
007240
002161
004145
010923
010948
519206
006488
009236
007745
001447
006101
006977
398051
160717
005063
008208
003301
010856
007396
006210
002904
008784
008211
008030
009422
660016
003849
004101
160220
011164
009509
519752
007595
008783
000791
005369
010933
007859
001021
003999
009722
006188
003268
501031
003951
011766
006281
004265
010801
006178
007018
009426
002583
011616
519745
007149
011963
010896
005317
519996
005677
000463
000184
000911
009292
009093
501100
007352
008880
006553
006516
008279
002689
005746
005121
233012
002769
007766
010452
007164
005488
001023
006304
006036
006517
002026
011043
630007
010075
516300
008642
002736
000221
008528
006838
010629
006568
010916
001495
010444
515180
005849
519111
009543
010918
010510
005656
002784
481010
011029
009748
008563
003717
008243
006162
002364
011567
003669
000295
000893
011602
011626
010753
002121
006465
006907
008748
020034
010587
512400
510900
502000
485107
253020
050011
010061
519122
007194
001701
001862
010131
001128
001744
006927
008698
009771
006199
000106
006499
008933
004048
008953
519189
009097
260111
163210
002076
008207
531020
160322
006847
005480
005398
007406
012220
008785
009289
206018
519187
002901
002600
005864
008952
010191
001950
007394
519613
010926
005299
003751
004585
010257
006331
007617
007426
007166
006112
004617
011023
011503
007094
519136
006190
006153
001122
001756
009325
005722
007928
009555
009532
009328
007353
159742
006107
007837
009157
011046
007884
519153
004855
007560
008616
009096
009653
006080
011180
009256
002523
007073
011317
007162
005387
005004
011394
005171
001190
008970
002316
004400
001402
004076
007982
007520
160602
000333
010684
009837
002396
006047
010525
001836
007397
000363
009512
002964
002909
011702
009625
003638
007990
010837
040005
008384
002411
004636
000111
006596
004401
005754
011504
003041
519186
005533
006634
008865
002227
005973
007268
010369
003066
005064
006696
501308
010427
011068
008402
001146
009833
006300
010887
008579
004222
011144
009950
009228
006804
519679
310328
003683
007931
002198
009435
005286
006659
001425
159876
009584
004334
010879
004710
001201
001405
270045
008215
009250
519175
001273
009187
000585
009577
004719
003979
007698
008017
002000
002455
004940
510890
005857
001763
008474
009321
002920
004723
001750
002175
007902
009822
011053
007178
003854
007252
003313
004119
007953
004780
004561
009811
630003
519138
006274
008471
006114
007307
002254
005887
050119
002350
010451
004856
001470
008756
009084
000255
007196
010247
000672
002398
002731
011740
005439
040041
005464
011767
003358
010485
010083
011038
006403
006878
010037
011586
008929
009907
009913
006807
003797
110027
003000
006486
005701
010376
007590
519943
006893
005952
011017
002314
001335
519969
006642
001059
003664
011232
008862
007336
008710
004798
010776
006168
004332
686869
450019
011195
003108
009624
008913
004105
501310
012117
000362
008982
002354
007118
009875
320006
161838
000153
011336
005884
010248
011291
003825
002716
007637
006827
005820
519326
002638
003333
007452
002060
519961
519743
011493
003026
001850
003594
519059
007408
009889
003328
005975
008554
006097
009249
010830
011072
001427
009873
010993
011392
002412
000123
007525
002741
006655
007370
008823
007685
002011
005894
009587
009283
005862
005280
011720
009766
002498
011358
162412
006972
005276
005602
010514
011114
011461
006552
003179
005503
003862
009621
003846
007508
001299
004797
004109
007889
008478
009284
003273
006829
008780
010860
001518
005011
240010
011173
006150
005641
010006
010986
000305
005992
004271
006931
011287
009842
164702
007852
519682
169103
450018
003527
159873
003318
008361
002282
000951
006433
000309
006906
011652
008028
003485
005654
001776
006545
070005
002019
010588
003218
011472
007423
003646
010418
006865
005051
010354
008359
519706
009202
610103
011185
011251
005451
003209
002362
007104
003226
006606
007262
009365
090019
006760
010831
511280
007556
001523
001868
008996
270048
009163
288002
005423
007080
005831
007227
003601
008272
160813
010414
011059
009655
010024
010110
009799
009643
009977
010676
501311
163211
003842
005622
550012
519628
004533
005175
159850
006491
003197
009947
006988
011194
002474
005124
009257
009627
519729
393001
519676
003162
003065
011125
159823
008433
000812
008205
007846
002064
008496
009632
005645
010971
003300
003471
004760
161124
002826
006451
008267
004457
006091
001886
001570
011356
008491
003619
008512
006974
007646
004567
006177
011986
004532
005679
008362
519117
004277
008346
000268
003794
165530
007287
004639
002519
003697
010211
000064
002851
005594
001189
006586
010992
009397
005313
009015
003361
000190
163825
008825
002265
006442
162712
202019
011184
011183
006670
005469
009944
008795
009826
110031
003580
003532
009083
610003
005368
006129
011256
010407
003429
007490
003853
010732
008814
010970
004154
011654
005618
513690
010780
240004
001035
005690
010353
008788
001742
011694
010380
519972
008544
450006
001406
006848
006045
006169
005556
006966
003327
003360
008337
003497
002969
008964
009333
007488
007544
007038
009925
011751
010502
003285
002274
005354
007062
006549
007489
007908
003265
002071
009969
009190
006898
003913
010899
110035
010497
511050
003344
011064
005964
000546
007647
008789
011701
008727
010590
011603
001860
005073
009124
008345
675013
006616
001911
010919
006332
000025
005646
008483
006277
000409
011856
001003
010906
002986
008549
005974
011483
009297
700003
519327
003628
008791
008738
001057
007211
008333
009639
519933
003922
006714
005416
010120
009633
470030
007741
660005
006111
720001
008928
010053
004361
003562
006473
004813
009494
000840
006963
006037
008672
010560
161217
210005
002109
008172
009955
004827
003799
003755
005500
005141
007611
003383
005822
008499
002415
012323
004122
009021
009749
003504
002657
003177
513060
010194
000910
380011
001087
006509
008452
006513
001244
519172
002943
000138
004172
006518
001204
006189
011414
006979
003159
002140
002728
370022
000998
009685
005290
006180
011018
002328
000297
001261
002447
003220
010108
008720
002502
002749
002972
007424
003663
009148
008045
009259
011451
001889
004066
675053
010103
004446
960042
006405
410004
008498
006725
003199
007051
202110
006333
513580
010431
009464
009560
009851
012376
007809
007570
002269
009838
009578
485020
006734
010175
010983
009343
008146
002342
006152
006431
005143
007369
004196
006481
003668
000213
010568
513550
519975
006054
009741
007623
004647
007915
009261
000507
011174
110036
007079
009916
001536
008658
006337
009920
008739
011260
008608
005077
012000
010835
006410
007890
003748
002025
003032
009398
009078
001794
007335
006935
000810
011864
005246
009525
003602
008983
008094
010767
100016
519769
519020
166902
006092
004544
009486
003928
011723
000016
004946
006263
009718
004767
001945
006505
006800
006955
010845
011370
006582
011341
550001
009821
004618
005633
005652
004680
005442
006520
009215
007201
006854
202102
008489
005617
010232
004735
008804
010102
009094
009302
008257
006450
010027
002449
008831
003656
000085
519646
001296
519955
000931
372010
519611
002743
009433
519667
002377
006393
002413
009232
009410
008210
519755
004913
006484
007867
006475
010940
001316
008695
004220
011604
420009
008745
010633
320009
161038
008771
010135
007001
004090
010130
011631
005580
001110
007415
008324
003809
007699
002214
007894
007996
000897
006954
519722
003374
007107
003016
005695
000183
011683
000205
253060
001194
519134
000235
011337
519654
006435
000899
005208
005756
008883
010519
011601
010947
001423
011202
001745
852205
004026
372110
005426
008106
161619
007967
009743
010548
009956
004731
009897
092002
007954
006141
050023
004081
007704
005302
005943
009051
008808
011623
009809
006673
006587
004850
160421
009761
163008
673030
001464
005972
675043
003412
009773
168107
001665
010503
512890
000606
007762
002389
165531
010032
009305
011780
009181
012088
006786
291007
010307
002756
001835
010929
009728
164826
008268
000306
006850
008449
003647
005855
005444
007624
002497
008641
011296
164509
010529
003891
007150
011465
000562
009006
008181
008355
002005
091023
006554
003650
000192
519220
005889
007319
001368
010783
003493
006367
007969
008288
121009
003161
009165
010714
011340
620004
000165
003382
006173
001179
004193
009063
164703
519119
007263
002363
519614
160135
007129
011534
011039
008921
011950
009135
001430
008979
003107
007109
159857
007258
005578
000799
010504
573003
100068
011617
006707
008302
007293
000208
006053
163005
004250
009894
005872
010888
003119
040009
011765
217024
530014
006840
010512
009829
000053
010795
003010
009045
010905
501069
004745
000222
006747
011459
519632
007055
007543
161014
002066
009230
007306
159871
004141
003584
511270
000075
485007
008907
003266
009186
010698
010979
007740
009872
010172
009035
005340
002533
004442
011416
003967
010189
233005
400009
001231
008514
009999
000298
003056
007878
009032
001562
519945
001246
011298
006212
006874
006735
002483
007770
000552
007962
511020
008874
004750
001503
006773
002865
002910
008421
516850
011801
005644
008713
011190
011769
519953
007772
007752
006998
008162
010797
001688
010002
008968
162108
006592
003297
233013
005112
006716
008857
010060
012290
470088
001643
004149
004914
000346
002490
008369
011303
002417
009638
519648
005939
501099
001675
012049
360013
011052
010215
210014
009445
006070
006474
005879
004919
008550
005931
159866
010250
006589
010368
005139
010782
001285
008941
006090
003953
007564
005419
002817
010708
003390
011435
006960
002820
519222
002462
007886
007576
003270
011539
009017
005637
011962
162414
501186
000299
160123
004602
011147
530029
009670
010620
001174
002971
000800
009810
010363
163810
004247
010007
513900
006032
005752
011741
005814
006558
050006
001779
001711
004737
002083
000828
002905
009000
320004
011843
010937
002768
008316
000597
008900
001635
009857
007437
006684
005890
005197
012029
002507
008863
006646
008047
011245
006288
003295
007413
512780
000390
008637
001058
009172
009784
540001
003863
008387
002574
002658
002067
620009
009263
164811
005420
001818
007997
009349
004080
008180
011153
002995
000077
007926
002807
002558
161912
001449
163822
006593
007943
005908
002387
519973
160616
007964
002338
007391
395001
003461
006127
003564
006185
159855
007542
006031
008468
000433
002750
006069
003227
007577
159885
006228
002645
006715
003274
008767
008992
002295
008043
000944
004128
003234
001442
010695
005528
006483
519050
006635
005993
519019
004994
004833
011770
007587
003277
000503
007537
009745
008948
010692
004882
005705
000113
270049
160134
010658
011530
011047
003746
005425
001164
010038
000175
004898
007790
513010
002712
003709
003662
011191
006452
007086
005310
007640
000320
009668
001111
501202
008386
004859
004053
003165
008850
513180
006913
003498
001947
005751
007284
002927
006702
000181
006899
009763
002376
011261
000286
011351
005361
004728
004106
005595
080007
169108
008322
164705
008820
008173
011301
210006
009607
009155
007712
010632
009303
519137
007765
010542
004477
009695
006958
009637
005531
005448
007529
007824
009794
004458
010406
270043
009418
011071
002555
005321
007296
159988
004319
005179
005750
007507
040045
004775
008861
004629
006436
006595
660109
006278
001571
164814
530017
009459
005271
008807
004893
000573
011526
000875
008877
003860
006826
008099
009164
001121
002451
011721
012420
003380
485119
005363
003073
166803
160131
010912
011119
481015
005708
001633
000480
004316
003433
005140
004180
001578
008951
006797
009721
006051
005780
006969
010973
007279
006275
008230
002591
002844
159944
002782
010734
009496
161908
008018
519785
519130
009140
004098
511010
007985
006695
004643
008523
003693
005407
005044
008895
006930
160221
010700
010731
006768
004052
008746
002881
519196
002926
008428
008296
160142
515920
004555
001727
011991
005378
007373
530028
008003
485011
001258
110025
010985
006360
007398
002945
003878
000692
001265
002236
006985
007035
010219
210007
001919
009493
310368
288001
006027
007720
010733
009793
004280
011784
010625
005669
009802
485019
010921
070025
519330
007596
410005
008762
121012
002261
000142
006924
008675
009320
005485
006071
011622
002568
003147
008190
007283
007836
159845
009133
011750
004546
002087
210011
003093
006316
006989
008118
007333
000784
002729
001199
009684
004834
006401
011698
009308
240018
005838
003207
003440
008541
003533
010374
001800
008055
002988
008157
011105
011139
007492
004089
008256
007328
009568
003505
217002
501085
011152
160612
008879
002146
003472
006462
006142
006867
002222
004800
011597
003747
004495
004688
169105
009156
001703
009487
003514
003811
007478
003877
006658
000068
010404
009545
002977
008966
003565
006929
002065
008809
010056
011176
010244
005721
012136
009746
003029
002966
009534
006086
010565
002435
006100
003157
009421
004924
001266
006585
011162
686868
001318
012016
005552
008833
009313
004763
002719
161713
004672
003357
008042
009495
004550
010449
000496
004703
008278
260112
002698
006562
000024
008463
159910
164206
009171
010972
006132
002120
011948
004792
003156
002882
004634
005273
008691
005876
004241
005126
320018
000587
009446
001183
006521
202107
010634
000236
005885
011157
007693
010601
005877
010241
003671
002684
008761
002681
006761
011929
009269
005946
010840
005352
000253
004510
009352
519762
009903
000386
005468
005316
501201
161221
003071
006211
009599
003038
003275
002794
009546
290008
005685
007229
001370
002358
007155
006254
002399
002049
009693
501021
004657
007871
110028
003561
003239
007331
010558
000419
001235
003458
004819
001157
009018
002704
007219
007366
008380
007557
007778
004107
000416
011129
002258
001505
010630
010068
003845
004908
011549
501027
501036
001784
003411
519333
008557
002054
010310
159816
004916
003325
007225
002868
007610
011656
011205
001245
011138
001634
003063
007822
485105
003510
004979
009510
006745
010639
161627
001709
005327
007364
006944
005945
010450
005707
100037
008759
006885
004790
006406
010813
005291
004049
675123
007040
010043
008128
004465
506001
010457
003912
