150292
150354
150316
150106
150176
150148
150065
000430
150086
150278
150272
150067
000292
000776
150156
150154
161832
150140
161717
160811
150283
150251
150073
150288
164819
150021
150307
000428
150028
150172
150107
150224
161827
164813
150195
000622
150192
150093
164821
150164
150116
165518
150017
150019
150108
150333
150098
502005
150133
150265
150170
150136
502027
150046
150038
150249
150220
150084
502026
000500
150161
000455
150023
150177
502012
161825
150058
160809
161833
502011
150113
150252
150034
150331
150118
502049
150266
502001
150322
150349
161507
000384
150027
150335
150096
121099
150127
150186
150325
150069
150193
150258
150141
150312
150138
150205
150100
000770
150091
150198
150173
150294
000091
000675
150097
150229
150327
502018
150085
150079
150246
502036
150144
150035
150261
150175
150216
150188
160417
150045
150151
150215
161819
150304
150281
150066
150047
164303
150088
150352
150039
150210
150271
502015
000813
150303
150308
150109
150280
150214
150239
166017
000340
150284
150329
150219
150330
163117
150351
160623
166106
150062
150026
150110
150212
168201
150293
150143
502022
150319
000453
150277
150276
150226
150022
150208
150256
150001
150286
162109
150269
150260
150032
502032
502017
000498
000454
165706
150228
150287
150209
150298
150139
166013
150213
165316
150025
150199
150201
150174
150247
150078
150190
163910
150070
150250
150029
150152
150181
150296
150318
150189
150290
150130
150217
161016
150299
000633
000357
150056
150242
150196
150273
150248
150310
150336
150072
150082
150244
150178
150314
150257
150166
150137
150237
150033
160808
150159
000317
150160
163908
150187
150153
150274
502007
150162
150087
150235
150179
150264
000429
150128
150358
150197
150302
150311
502050
150050
150008
150112
150343
150222
502057
150268
150207
150124
150080
150225
150020
150240
150171
150191
166022
150332
150012
150031
502055
150117
502031
161828
167502
150182
150211
150231
150234
150334
000499
150282
502058
150305
150114
000092
150223
150060
150357
168202
150044
150180
150157
502021
150122
000358
150243
502028
150041
150275
150146
150185
000775
550017
150068
150064
000909
150142
150206
150149
150255
519058
150052
161207
150119
160619
150291
150059
150053
150245
150221
150115
150037
519052
164207
150262
150297
150167
502054
150326
150105
150238
502004
502037
000387
150061
161909
150016
502008
502042
150279
150076
164704
519053
165315
150313
150254
162512
150328
150241
150306
163826
150134
150129
150043
150131
150323
150036
150135
502016
150089
150111
161826
160640
519057
150315
150051
150095
150121
150040
000440
150320
150317
164820
165707
000676
000769
150120
150010
150204
150259
150263
150285
121007
150344
150132
150006
150123
150232
150101
150300
150227
150301
502002
502030
150077
150013
150094
000382
000383
150099
150150
150218
150168
000388
163006
150030
150057
150200
150203
150011
150018
150049
150102
150158
150289
150165
166021
000915
150145
161223
000318
150267
150350
150007
000631
150042
502038
000093
150090
162106
150169
150184
150083
150353
164209
502025
150009
150075
165808
150071
150324
150048
150233
150147
150081
150194
150309
164907
150104
150055
000293
163004
162010
150253
150230
150321
502024
150054
164211
150063
502014
150295
163909
150270
150236
502041
150092