006087
006938
004788
000596
007108
007788
006578
159971
501301
001426
502023
004346
161724
005868
004433
010872
516610
162416
159938
161612
004345
008291
006196
510500
515290
008976
002199
070039
006363
006787
007658
008749
512190
162510
516070
510440
006657
009439
007472
009068
008927
516360
159992
164809
004407
517000
007751
003885
000942
000248
000961
159961
005224
008250
160224
004789
510210
516110
159978
512560
159906
006524
501031
501010
159811
007882
005874
007672
160218
007475
007339
010210
519677
006350
159929
006438
163116
009239
001552
008400
005830
512530
006256
007792
501067
510800
006816
515500
007789
009981
165310
008887
007541
005918
502010
012042
501307
512170
010183
008052
010955
011611
165520
010066
159975
510230
512730
007506
588000
510030
010419
001133
007448
009374
161811
159919
588050
007178
162907
512680
167503
162711
161721
160219
002979
020011
160625
501030
160628
007806
009300
007153
310398
159828
161812
515060
164825
512910
502020
517050
009881
010770
159907
519180
001549
501057
006144
501303
501047
159910
007992
010531
510180
006487
050021
160424
159949
007096
519027
010432
510630
005314
159974
110003
512270
202021
160631
159994
007787
009194
009613
512340
515190
010203
512380
010224
515260
519032
160616
008714
515550
004791
519686
160225
008889
159839
005702
161123
165519
009860
007154
005734
006912
004753
159945
160620
516850
161227
160222
512310
257060
007809
510060
001113
006930
008701
510600
161039
161725
006909
010202
502013
517300
011607
008155
008280
164401
007817
516680
460220
005789
510560
007886
006355
010769
010153
008112
007839
007405
090012
005608
006020
008778
159960
001361
516120
159886
005966
700002
160634
000313
007301
008240
515780
512360
009004
006698
000968
512800
512090
159807
502040
009080
501023
515510
516590
515580
004870
004191
008114
009012
160725
159943
006341
011613
160517
004192
009336
515030
159901
320010
001149
001593
005530
512590
001588
005640
110030
007593
515760
515020
202017
006724
512640
167601
515920
009051
501011
160136
004190
002984
010067
000656
005881
000827
159954
003578
009013
008407
007136
160420
501089
501037
007943
163808
004488
512040
515960
159857
100038
005114
516550
159876
004643
512350
160716
159967
163821
159843
001420
512720
006729
010158
517080
002982
159957
160724
008056
515080
006129
008239
159931
005813
161036
516780
502056
004512
217016
515160
515000
159956
005248
004597
005052
002311
008929
159804
100032
007431
003766
501311
050013
159819
516200
010722
006166
159968
159813
000311
010556
009117
159999
501302
003958
159801
004410
005691
159986
006817
512260
005867
515870
159849
168205
501309
007664
005873
002656
006748
000008
159996
006486
003760
510760
515520
008292
007994
008622
159925
005567
160925
162307
161037
004408
470007
588080
501029
515900
217019
590007
006220
161122
160807
007873
007883
005869
161031
513990
005113
002977
470068
202015
008053
011612
501072
510190
164508
011103
161720
159916
010771
165521
213010
050002
585001
516520
012117
161017
006249
159933
008390
006131
007799
007467
006611
005795
165523
164811
040190
008399
510310
007039
008199
008164
515590
008590
510360
001051
516220
005390
512960
159948
007657
005639
512220
159880
512890
007410
515710
007404
159984
010366
310318
517200
512860
501012
519706
008702
510690
007818
515050
004194
501036
002671
510650
005999
006784
003646
968007
510100
007794
007783
159869
516330
005313
450008
510160
004744
005554
010157
002903
512100
010806
512920
040180
512570
512610
008832
512710
516600
006697
510850
007465
009046
001632
009060
159909
010855
161029
007505
005761
512980
011610
515680
512180
005737
159998
011102
011631
512290
008888
000373
001052
501060
004855
010365
004857
512510
009608
159936
513090
009059
007671
168204
001550
040002
515450
005994
510570
160639
159824
001064
168702
008519
002978
501005
510710
007782
512650
512160
010352
168701
008200
007760
007786
008100
001879
006286
502006
005693
004432
003647
000826
008899
007474
006743
008975
110020
460300
006809
001214
516960
008020
011630
001551
516760
200002
517170
110019
001592
008237
501059
530015
006712
501050
005733
512880
008088
006382
011608
004790
165309
002900
162509
003475
006255
006248
001351
513550
001539
010786
501305
240016
161026
161631
010674
011609
004598
159959
006351
512400
159962
006034
003015
166802
006021
159930
512500
512690
004743
002310
000613
515850
512810
005063
512700
008750
008282
512900
160814
370023
000176
008201
512870
002510
008520
010954
008682
007077
006810
510120
007076
159982
004945
217027
006600
005103
515120
006165
159939
410010
159918
159923
001237
010956
159861
501310
510660
007380
501058
159848
159912
009479
512820
010772
002987
159805
516160
161027
515100
004195
011667
501069
005727
165810
519117
159814
159835
159966
007580
159928
159963
512670
005607
007842
159995
217017
515330
008249
005762
510590
006561
004348
007785
512330
020021
004532
006593
159855
510350
160137
159987
515250
160422
519300
540012
481009
011040
510810
001027
160516
011614
159806
007539
515400
159841
164402
516180
006349
010737
008776
159970
008408
001243
161118
009179
006931
009116
004876
515230
515890
006656
160637
009337
501019
165511
001397
005659
007797
005735
004342
160706
515320
515220
001455
005747
010364
011971
007737
501048
516510
006342
159815
159865
008124
160626
161121
008898
006744
006197
740101
006048
501006
010993
008945
006939
002907
012040
008551
007571
510330
502000
159952
007874
161033
515880
159993
161211
005112
510220
515860
001016
510380
510050
164818
501308
159913
010953
008101
270010
001617
510860
159965
004416
180003
163109
515310
270026
008926
160643
007801
008115
110026
008087
163113
516660
510290
510580
007276
006395
159979
011512
005803
159837
510510
007379
165522
515070
159973
502053
006579
002315
007143
011320
003548
162714
517100
516300
515690
161723
012044
006699
516050
001595
005814
005788
000962
004343
007028
519671
010355
159810
004854
010524
005051
007089
002670
004746
660008
161816
001630
167507
510170
006143
000312
161022
004742
007932
004874
512120
166402
159915
501007
510020
008086
161907
001180
010785
160419
006098
001589
159905
516010
012043
161032
515180
516800
161028
010154
660011
003359
510010
530018
512520
007840
006687
007594
008552
005880
163111
011513
159883
008907
240019
000835
510680
164304
006910
159842
006569
159991
512600
162213
005102
006441
160221
004642
000478
159951
007230
011205
515990
006783
002588
008591
006928
001899
002316
501061
008593
165515
515830
001618
007386
006730
516770
004409
008057
006119
159885
512750
001015
007983
006215
003761
007144
159940
515810
004752
008259
000948
005770
512010
008072
007856
519116
005125
008917
161613
006525
002385
005998
009375
008163
002236
515980
510410
006440
515390
007538
512070
009614
162413
006343
003579
161607
010909
159873
007807
515820
159890
009208
512930
008299
008592
007300
008777
005658
010356
007107
001344
008326
160636
512280
512950
009480
007413
159997
159908
007815
003194
515360
501090
004344
008713
006063
008184
410008
159969
007993
516880
007466
050024
007816
010736
004347
515610
512760
010750
010990
007784
161715
008908
007473
005137
009067
163407
008190
005561
007531
009079
001629
008298
159827
159935
160418
515560
163115
005965
003016
160629
159845
162412
008021
011319
159821
501008
009905
161213
202211
515210
005064
510550
515280
159932
008973
160633
007191
006757
001242
007044
515910
167506
159964
167302
004193
003765
006352
515770
515010
512660
008279
010992
008928
010253
001469
160615
009609
159852
005562
000051
006344
510270
005568
165525
159808
008396
007464
004069
512000
007029
007605
007810
005287
005870
006786
501025
515110
160630
003318
502048
160632
159958
165806
588090
007216
008001
510110
161025
006214
512990
004513
159825
007795
007606
161030
006221
010749
519100
007984
159902
011668
202025
515200
005288
005152
007397
690008
007804
399001
516150
159858
090010
501009
515930
009904
011972
011041
159820
515130
320014
515660
001548
004070
006659
519034
004856
005633
007796
501043
008586
512970
510880
530010
003184
163209
011615
012116
008189
007885
515650
008241
515790
515090
006339
159867
515620
003884
006937
515600
510130
009180
006439
005555
515700
006756
515300
515170
001631
516000
005062
007800
159955
008238
501068
005229
515570
001241
070023
159977
005391
516500
006682
160119
008391
002974
010561
007665
006733
160635
008397
159870
007411
512780
513900
165312
515750
164908
009472
163118
010854
168001
513680
233010
516020
161726
005223
161035
481012
510150
010677
009727
006594
515630
161628
010572
290010
003876
164905
515670
010908
009726
515530
162216
165524
159983
516060
000059
159944
008258
009195
163114
000975
161604
003366
004533
161217
000950
968029
510390
510370
010873
001553
161024
004996
006705
502003
516670
005804
009982
515380
010805
159809
006713
006688
008281
007045
009052
005919
517060
007275
005829
512480
008944
010351
008585
168203
159922
003986
009047
515350
512580
003017
007995
006560
009329
159863
159871
005748
515950
160638
160806
159903
007843
008089
510530
007223
070030
000368
006704
007135
159990
515150
008113
002906
003957
512770
006246
159856
006658
002076
161718
516080
010989
100053
010573
515800
167301
510200
001594
512390
005832
006293
512150
240014
006614
012041
008779
000042
510090
501045
510300
008327
501016
516900
501306
512200
516950
501086
160223
008236
160135
110021
512320
006247
008916
510890
512550
008154
007793
007857
000376
004875
159976
159851
516090
159702
006130
008623